status,product_area,response,justification,request_type
replied,account_access,"Based on the support documentation, here is the most relevant guidance: --- title: ""How do I change the email address associated with my account?"" title_slug: ""how-do-i-change-the-email-address-associated-with-my-account"" source_url: ""https://support.claude.com/en/articles/8452276-how-do-i-change-the-email-address-associated-with-my-account"" last_updated_iso: ""2026-03-16T21:15:07Z"" article_id: ""8469679"" breadcrumbs: - ""Claude"" - ""Account management"" --- # How do I change the email addres (source: C:\Users\Geetha Krishna\hackerrank-orchestrate-may26\data\claude\claude\account-management\8452276-how-do-i-change-the-email-address-associated-with-my-account.md)",Triage rationale (traceable): company=claude; request_type=product_issue; product_area=account_access; similarity=0.4260; confidence=0.0247; status=replied; source=C:\Users\Geetha Krishna\hackerrank-orchestrate-may26\data\claude\claude\account-management\8452276-how-do-i-change-the-email-address-associated-with-my-account.md,product_issue
escalated,screen,"I found related documentation but this case should be handled by a human support agent for safety. Closest source: C:\Users\Geetha Krishna\hackerrank-orchestrate-may26\data\hackerrank\integrations\applicant-tracking-systems\workday\1999755553-workday---hackerrank-tests-user-guide.md. Grounded excerpt: --- title: ""Workday - HackerRank Tests User Guide"" title_slug: ""workday-hackerrank-tests-user-guide"" source_url: ""https://support.hackerrank.com/articles/1999755553-workday---hackerrank-tests-user-guide"" article_slug: ""1999755553-workday---hackerrank-tests-user-guide"" last_updated_exact: ""Dec 28, 2024, 4:25 AM"" last_updated_relative: ""Last updated 1 year ago"" breadcrumbs: - ""Integrations"" - ""Applicant Tracking System",Triage rationale (traceable): company=hackerrank; request_type=product_issue; product_area=screen; similarity=0.4725; confidence=0.0052; status=escalated; source=C:\Users\Geetha Krishna\hackerrank-orchestrate-may26\data\hackerrank\integrations\applicant-tracking-systems\workday\1999755553-workday---hackerrank-tests-user-guide.md,product_issue
escalated,payments,"I found related documentation but this case should be handled by a human support agent for safety. Closest source: C:\Users\Geetha Krishna\hackerrank-orchestrate-may26\data\visa\support\consumer\visa-rules.md. Grounded excerpt: --- title: ""Visa Credit Card Rules & Regulations"" source_url: ""https://www.visa.co.in/support/consumer/visa-rules.html"" final_url: ""https://www.visa.co.in/support/consumer/visa-rules.html"" last_modified: ""2023-10-04T01:48:44.301Z"" description: ""Visa Rules - Learn more about Visa credit card rules, regulations and policies as a consumer or merchant. Filing inquiries and FAQs - find them here."" --- # Visa Credit Card R",Triage rationale (traceable): company=visa; request_type=product_issue; product_area=payments; similarity=0.4170; confidence=0.0105; status=escalated; source=C:\Users\Geetha Krishna\hackerrank-orchestrate-may26\data\visa\support\consumer\visa-rules.md,product_issue
escalated,payments,"I found related documentation but this case should be handled by a human support agent for safety. Closest source: C:\Users\Geetha Krishna\hackerrank-orchestrate-may26\data\hackerrank\hackerrank_community\subscriptions-payments-and-billing\3282259518-purchase-mock-interviews.md. Grounded excerpt: --- title: ""Purchase Mock Interview Credits"" title_slug: ""purchase-mock-interview-credits"" source_url: ""https://help.hackerrank.com/articles/3282259518-purchase-mock-interviews"" article_slug: ""3282259518-purchase-mock-interviews"" last_updated_exact: ""Mar 24, 2025, 3:31 PM"" last_updated_relative: ""Last updated 1 year ago"" breadcrumbs: - ""Subscriptions, Payments, and Billing"" --- # Purchase Mock Interview Credits _Last",Triage rationale (traceable): company=hackerrank; request_type=bug; product_area=payments; similarity=0.3377; confidence=0.0005; status=escalated; source=C:\Users\Geetha Krishna\hackerrank-orchestrate-may26\data\hackerrank\hackerrank_community\subscriptions-payments-and-billing\3282259518-purchase-mock-interviews.md,bug
replied,payments,"Based on the support documentation, here is the most relevant guidance: --- title: ""Subscriptions, Payments, and Billing FAQs Mock interviews Subscription plans"" title_slug: ""subscriptions-payments-and-billing-faqs-mock-interviews-subscription-plans"" source_url: ""https://help.hackerrank.com/articles/9157064719-payments-and-billing-faqs"" article_slug: ""9157064719-payments-and-billing-faqs"" last_updated_exact: ""Nov 12, 2025, 4:42 PM"" last_updated_relative: ""Last updated 5 months ago"" bread (source: C:\Users\Geetha Krishna\hackerrank-orchestrate-may26\data\hackerrank\hackerrank_community\subscriptions-payments-and-billing\9157064719-payments-and-billing-faqs.md)",Triage rationale (traceable): company=hackerrank; request_type=product_issue; product_area=payments; similarity=0.2964; confidence=0.0476; status=replied; source=C:\Users\Geetha Krishna\hackerrank-orchestrate-may26\data\hackerrank\hackerrank_community\subscriptions-payments-and-billing\9157064719-payments-and-billing-faqs.md,product_issue
replied,general_support,"Based on the support documentation, here is the most relevant guidance: --- title: ""InterviewPlanner-HackerRank Integration FAQs"" title_slug: ""interviewplanner-hackerrank-integration-faqs"" source_url: ""https://support.hackerrank.com/articles/7401637722-interviewplanner-hackerrank-integration-faqs-"" article_slug: ""7401637722-interviewplanner-hackerrank-integration-faqs-"" last_updated_exact: ""Jan 23, 2025, 3:32 AM"" last_updated_relative: ""Last updated 1 year ago"" breadcrumbs: - ""Integratio (source: C:\Users\Geetha Krishna\hackerrank-orchestrate-may26\data\hackerrank\integrations\scheduling\7401637722-interviewplanner-hackerrank-integration-faqs-.md)",Triage rationale (traceable): company=hackerrank; request_type=product_issue; product_area=general_support; similarity=0.5216; confidence=0.0175; status=replied; source=C:\Users\Geetha Krishna\hackerrank-orchestrate-may26\data\hackerrank\integrations\scheduling\7401637722-interviewplanner-hackerrank-integration-faqs-.md,product_issue
replied,screen,"Based on the support documentation, here is the most relevant guidance: --- title: ""Subscriptions, Payments, and Billing FAQs Mock interviews Subscription plans"" title_slug: ""subscriptions-payments-and-billing-faqs-mock-interviews-subscription-plans"" source_url: ""https://help.hackerrank.com/articles/9157064719-payments-and-billing-faqs"" article_slug: ""9157064719-payments-and-billing-faqs"" last_updated_exact: ""Nov 12, 2025, 4:42 PM"" last_updated_relative: ""Last updated 5 months ago"" bread (source: C:\Users\Geetha Krishna\hackerrank-orchestrate-may26\data\hackerrank\hackerrank_community\subscriptions-payments-and-billing\9157064719-payments-and-billing-faqs.md)",Triage rationale (traceable): company=hackerrank; request_type=bug; product_area=screen; similarity=0.3518; confidence=0.0324; status=replied; source=C:\Users\Geetha Krishna\hackerrank-orchestrate-may26\data\hackerrank\hackerrank_community\subscriptions-payments-and-billing\9157064719-payments-and-billing-faqs.md,bug
escalated,screen,"I found related documentation but this case should be handled by a human support agent for safety. Closest source: C:\Users\Geetha Krishna\hackerrank-orchestrate-may26\data\hackerrank\settings\user-account-settings-and-preferences\5213013268-report-settings.md. Grounded excerpt: --- title: ""Report Settings"" title_slug: ""report-settings"" source_url: ""https://support.hackerrank.com/articles/5213013268-report-settings"" article_slug: ""5213013268-report-settings"" last_updated_exact: ""Dec 26, 2024, 3:19 PM"" last_updated_relative: ""Last updated 1 year ago"" breadcrumbs: - ""Settings"" - ""User Account Settings and Preferences"" --- # Report Settings _Last updated: Dec 26, 2024, 3:19 PM (Last updated 1 y",Triage rationale (traceable): company=hackerrank; request_type=product_issue; product_area=screen; similarity=0.4457; confidence=0.0134; status=escalated; source=C:\Users\Geetha Krishna\hackerrank-orchestrate-may26\data\hackerrank\settings\user-account-settings-and-preferences\5213013268-report-settings.md,product_issue
escalated,screen,"I found related documentation but this case should be handled by a human support agent for safety. Closest source: C:\Users\Geetha Krishna\hackerrank-orchestrate-may26\data\hackerrank\screen\best-practice-guides\5269412517-mitigating-candidate-drop-off.md. Grounded excerpt: --- title: ""Mitigating Candidate Drop-Off"" title_slug: ""mitigating-candidate-drop-off"" source_url: ""https://support.hackerrank.com/articles/5269412517-mitigating-candidate-drop-off"" article_slug: ""5269412517-mitigating-candidate-drop-off"" last_updated_exact: ""Dec 24, 2024, 4:51 PM"" last_updated_relative: ""Last updated 1 year ago"" breadcrumbs: - ""Screen"" - ""Best Practice Guides"" --- # Mitigating Candidate Drop-Off _La",Triage rationale (traceable): company=hackerrank; request_type=product_issue; product_area=screen; similarity=0.3212; confidence=0.0002; status=escalated; source=C:\Users\Geetha Krishna\hackerrank-orchestrate-may26\data\hackerrank\screen\best-practice-guides\5269412517-mitigating-candidate-drop-off.md,product_issue
replied,screen,"Based on the support documentation, here is the most relevant guidance: --- title: ""Q3' 23 Release Notes Q3' 23 Release Notes"" title_slug: ""q3-23-release-notes-q3-23-release-notes"" source_url: ""https://support.hackerrank.com/articles/9502641162-q3%27-23-release-notes"" article_slug: ""9502641162-q3%27-23-release-notes"" last_updated_exact: ""Dec 13, 2024, 5:03 AM"" last_updated_relative: ""Last updated 1 year ago"" breadcrumbs: - ""General Help"" - ""Release Notes"" --- # Q3' 23 Release Notes Q3' 2 (source: C:\Users\Geetha Krishna\hackerrank-orchestrate-may26\data\hackerrank\general-help\release-notes\9502641162-q3%27-23-release-notes.md)",Triage rationale (traceable): company=hackerrank; request_type=product_issue; product_area=screen; similarity=0.5241; confidence=0.0356; status=replied; source=C:\Users\Geetha Krishna\hackerrank-orchestrate-may26\data\hackerrank\general-help\release-notes\9502641162-q3%27-23-release-notes.md,product_issue
escalated,screen,"I found related documentation but this case should be handled by a human support agent for safety. Closest source: C:\Users\Geetha Krishna\hackerrank-orchestrate-may26\data\hackerrank\screen\frequently-asked-questions\6321836373-what-happens-to-candidate-statuses-if-the-cut-off-score-is-altered%3F.md. Grounded excerpt: --- title: ""What happens to Candidate statuses if the cutoff score is altered?"" title_slug: ""what-happens-to-candidate-statuses-if-the-cutoff-score-is-altered"" source_url: ""https://support.hackerrank.com/articles/6321836373-what-happens-to-candidate-statuses-if-the-cut-off-score-is-altered%3F"" article_slug: ""6321836373-what-happens-to-candidate-statuses-if-the-cut-off-score-is-altered%3F"" last_updated_exact: ""Jun 5, ",Triage rationale (traceable): company=hackerrank; request_type=product_issue; product_area=screen; similarity=0.4968; confidence=0.0074; status=escalated; source=C:\Users\Geetha Krishna\hackerrank-orchestrate-may26\data\hackerrank\screen\frequently-asked-questions\6321836373-what-happens-to-candidate-statuses-if-the-cut-off-score-is-altered%3F.md,product_issue
escalated,general_support,"I found related documentation but this case should be handled by a human support agent for safety. Closest source: C:\Users\Geetha Krishna\hackerrank-orchestrate-may26\data\hackerrank\hackerrank_community\additional-resources\4438598153-best-practices-for-receiving-hackerrank-emails.md. Grounded excerpt: --- title: ""Best Practices for Receiving HackerRank Emails Check your spam, junk, or promotions folder Add HackerRank to your contacts Verify mailbox storage"" title_slug: ""best-practices-for-receiving-hackerrank-emails-check-your-spam-junk-or-promotions-folder-add-hackerrank-to-your-contacts-verify-mailbox-storage"" source_url: ""https://help.hackerrank.com/articles/4438598153-best-practices-for-receiving-hackerrank-em",Triage rationale (traceable): company=hackerrank; request_type=bug; product_area=general_support; similarity=0.2838; confidence=0.0016; status=escalated; source=C:\Users\Geetha Krishna\hackerrank-orchestrate-may26\data\hackerrank\hackerrank_community\additional-resources\4438598153-best-practices-for-receiving-hackerrank-emails.md,bug
replied,general_support,"Based on the support documentation, here is the most relevant guidance: --- title: ""Screen FAQ's"" title_slug: ""screen-faqs"" source_url: ""https://support.hackerrank.com/articles/8754663182-what-is-the-maximum-number-of-candidates-i-can-assess-using-coding-assessments%3F"" article_slug: ""8754663182-what-is-the-maximum-number-of-candidates-i-can-assess-using-coding-assessments%3F"" last_updated_exact: ""Oct 3, 2025, 5:59 PM"" last_updated_relative: ""Last updated 7 months ago"" breadcrumbs: - ""Sc (source: C:\Users\Geetha Krishna\hackerrank-orchestrate-may26\data\hackerrank\screen\frequently-asked-questions\8754663182-what-is-the-maximum-number-of-candidates-i-can-assess-using-coding-assessments%3F.md)",Triage rationale (traceable): company=hackerrank; request_type=product_issue; product_area=general_support; similarity=0.4507; confidence=0.0232; status=replied; source=C:\Users\Geetha Krishna\hackerrank-orchestrate-may26\data\hackerrank\screen\frequently-asked-questions\8754663182-what-is-the-maximum-number-of-candidates-i-can-assess-using-coding-assessments%3F.md,product_issue
replied,payments,"Based on the support documentation, here is the most relevant guidance: --- title: ""Pause Subscription"" title_slug: ""pause-subscription"" source_url: ""https://support.hackerrank.com/articles/5157311476-pause-subscription"" article_slug: ""5157311476-pause-subscription"" last_updated_exact: ""Mar 6, 2026, 12:18 AM"" last_updated_relative: ""Last updated 2 months ago"" breadcrumbs: - ""Settings"" - ""User Account Settings and Preferences"" --- # Pause Subscription _Last updated: Mar 6, 2026, 12:18 AM  (source: C:\Users\Geetha Krishna\hackerrank-orchestrate-may26\data\hackerrank\settings\user-account-settings-and-preferences\5157311476-pause-subscription.md)",Triage rationale (traceable): company=hackerrank; request_type=product_issue; product_area=payments; similarity=0.3041; confidence=0.0534; status=replied; source=C:\Users\Geetha Krishna\hackerrank-orchestrate-may26\data\hackerrank\settings\user-account-settings-and-preferences\5157311476-pause-subscription.md,product_issue
escalated,general_support,"I found related documentation but this case should be handled by a human support agent for safety. Closest source: C:\Users\Geetha Krishna\hackerrank-orchestrate-may26\data\claude\claude-api-and-console\api-prompt-design\8114518-claude-s-response-to-my-prompt-is-too-brief.md. Grounded excerpt: --- title: ""Claude’s response to my prompt is too brief."" title_slug: ""claudes-response-to-my-prompt-is-too-brief"" source_url: ""https://support.claude.com/en/articles/8114518-claude-s-response-to-my-prompt-is-too-brief"" last_updated_iso: ""2026-03-16T21:17:25Z"" article_id: ""8070480"" breadcrumbs: - ""Claude API and Console"" - ""API Prompt Design"" --- # Claude’s response to my prompt is too brief. _Last updated: 2026-03-1",Triage rationale (traceable): company=claude; request_type=product_issue; product_area=general_support; similarity=0.3811; confidence=0.0012; status=escalated; source=C:\Users\Geetha Krishna\hackerrank-orchestrate-may26\data\claude\claude-api-and-console\api-prompt-design\8114518-claude-s-response-to-my-prompt-is-too-brief.md,product_issue
replied,general_support,"Based on the support documentation, here is the most relevant guidance: --- title: ""PYB – Data Security"" source_url: ""https://www.visa.co.in/support/small-business/data-security.html"" final_url: ""https://www.visa.co.in/support/small-business/data-security.html"" last_modified: ""2017-07-18T16:48:50.272Z"" description: ""Get our security guidelines and follow these steps if you believe your data has been compromised."" --- # PYB – Data Security _Last modified: 2017-07-18T16:48:50.272Z_ - [Secu (source: C:\Users\Geetha Krishna\hackerrank-orchestrate-may26\data\visa\support\small-business\data-security.md)",Triage rationale (traceable): company=visa; request_type=product_issue; product_area=general_support; similarity=0.1882; confidence=0.0464; status=replied; source=C:\Users\Geetha Krishna\hackerrank-orchestrate-may26\data\visa\support\small-business\data-security.md,product_issue
replied,general_support,"Based on the support documentation, here is the most relevant guidance: --- title: ""Create a Resume with Resume Builder"" title_slug: ""create-a-resume-with-resume-builder"" source_url: ""https://help.hackerrank.com/articles/9106957203-create-a-resume-with-resume-builder"" article_slug: ""9106957203-create-a-resume-with-resume-builder"" last_updated_exact: ""Mar 7, 2025, 4:17 PM"" last_updated_relative: ""Last updated 1 year ago"" breadcrumbs: - ""Additional Resources"" - ""Job Search and Applications (source: C:\Users\Geetha Krishna\hackerrank-orchestrate-may26\data\hackerrank\hackerrank_community\additional-resources\job-search-and-applications\9106957203-create-a-resume-with-resume-builder.md)",Triage rationale (traceable): company=hackerrank; request_type=bug; product_area=general_support; similarity=0.5999; confidence=0.2517; status=replied; source=C:\Users\Geetha Krishna\hackerrank-orchestrate-may26\data\hackerrank\hackerrank_community\additional-resources\job-search-and-applications\9106957203-create-a-resume-with-resume-builder.md,bug
replied,screen,"Based on the support documentation, here is the most relevant guidance: --- title: ""Certifications FAQs"" title_slug: ""certifications-faqs"" source_url: ""https://help.hackerrank.com/articles/8941367927-certifications-faqs"" article_slug: ""8941367927-certifications-faqs"" last_updated_exact: ""Apr 1, 2026, 2:32 PM"" last_updated_relative: ""Last updated 4 weeks ago"" breadcrumbs: - ""Certifications"" --- # Certifications FAQs _Last updated: Apr 1, 2026, 2:32 PM (Last updated 4 weeks ago)_ **Can I u (source: C:\Users\Geetha Krishna\hackerrank-orchestrate-may26\data\hackerrank\hackerrank_community\certifications\8941367927-certifications-faqs.md)",Triage rationale (traceable): company=hackerrank; request_type=product_issue; product_area=screen; similarity=0.4818; confidence=0.1297; status=replied; source=C:\Users\Geetha Krishna\hackerrank-orchestrate-may26\data\hackerrank\hackerrank_community\certifications\8941367927-certifications-faqs.md,product_issue
replied,payments,"Based on the support documentation, here is the most relevant guidance: --- title: ""Dispute Resolution"" source_url: ""https://www.visa.co.in/support/small-business/dispute-resolution.html"" final_url: ""https://www.visa.co.in/support/small-business/dispute-resolution.html"" last_modified: ""2023-11-28T01:50:01.804Z"" description: ""Learn the basics about how to handle disputes and resolve disputes quickly."" --- # Dispute Resolution _Last modified: 2023-11-28T01:50:01.804Z_ - # Resolve disputes  (source: C:\Users\Geetha Krishna\hackerrank-orchestrate-may26\data\visa\support\small-business\dispute-resolution.md)",Triage rationale (traceable): company=visa; request_type=product_issue; product_area=payments; similarity=0.3336; confidence=0.1551; status=replied; source=C:\Users\Geetha Krishna\hackerrank-orchestrate-may26\data\visa\support\small-business\dispute-resolution.md,product_issue
replied,general_support,"Based on the support documentation, here is the most relevant guidance: --- title: ""How can I access the Claude API?"" title_slug: ""how-can-i-access-the-claude-api"" source_url: ""https://support.claude.com/en/articles/8114521-how-can-i-access-the-claude-api"" last_updated_iso: ""2026-03-16T21:17:36Z"" article_id: ""8070483"" breadcrumbs: - ""Claude API and Console"" - ""Using the Claude API and Console"" --- # How can I access the Claude API? _Last updated: 2026-03-16T21:17:36Z_ Organizations inter (source: C:\Users\Geetha Krishna\hackerrank-orchestrate-may26\data\claude\claude-api-and-console\using-the-claude-api-and-console\8114521-how-can-i-access-the-claude-api.md)",Triage rationale (traceable): company=claude; request_type=bug; product_area=general_support; similarity=0.4146; confidence=0.0209; status=replied; source=C:\Users\Geetha Krishna\hackerrank-orchestrate-may26\data\claude\claude-api-and-console\using-the-claude-api-and-console\8114521-how-can-i-access-the-claude-api.md,bug
replied,general_support,"Based on the support documentation, here is the most relevant guidance: --- title: ""Does Anthropic crawl data from the web, and how can site owners block the crawler?"" title_slug: ""does-anthropic-crawl-data-from-the-web-and-how-can-site-owners-block-the-crawler"" source_url: ""https://support.claude.com/en/articles/8896518-does-anthropic-crawl-data-from-the-web-and-how-can-site-owners-block-the-crawler"" last_updated_iso: ""2026-04-07T21:18:35Z"" article_id: ""9027581"" breadcrumbs: - ""Privacy  (source: C:\Users\Geetha Krishna\hackerrank-orchestrate-may26\data\claude\privacy-and-legal\8896518-does-anthropic-crawl-data-from-the-web-and-how-can-site-owners-block-the-crawler.md)",Triage rationale (traceable): company=claude; request_type=product_issue; product_area=general_support; similarity=0.4754; confidence=0.0780; status=replied; source=C:\Users\Geetha Krishna\hackerrank-orchestrate-may26\data\claude\privacy-and-legal\8896518-does-anthropic-crawl-data-from-the-web-and-how-can-site-owners-block-the-crawler.md,product_issue
replied,general_support,"Based on the support documentation, here is the most relevant guidance: --- title: ""Visa Travel Services | Visa Travel Credit Card Support"" source_url: ""https://www.visa.co.in/support/consumer/travel-support.html"" final_url: ""https://www.visa.co.in/support/consumer/travel-support.html"" last_modified: ""2026-04-01T08:07:35.955Z"" description: ""Travel with Visa and you’ll have our tools, support and guidance every step of the way. Visit today to learn more about using Visa on your next adven (source: C:\Users\Geetha Krishna\hackerrank-orchestrate-may26\data\visa\support\consumer\travel-support.md)",Triage rationale (traceable): company=visa; request_type=product_issue; product_area=general_support; similarity=0.3285; confidence=0.0501; status=replied; source=C:\Users\Geetha Krishna\hackerrank-orchestrate-may26\data\visa\support\consumer\travel-support.md,product_issue
escalated,general_support,"I found related documentation but this case should be handled by a human support agent for safety. Closest source: C:\Users\Geetha Krishna\hackerrank-orchestrate-may26\data\claude\claude\account-management\9450526-how-can-i-export-my-claude-data.md. Grounded excerpt: --- title: ""How can I export my Claude data?"" title_slug: ""how-can-i-export-my-claude-data"" source_url: ""https://support.claude.com/en/articles/9450526-how-can-i-export-my-claude-data"" last_updated_iso: ""2026-03-16T21:02:19Z"" article_id: ""9696315"" breadcrumbs: - ""Claude"" - ""Account management"" --- # How can I export my Claude data? _Last updated: 2026-03-16T21:02:19Z_ > Data exports are available to individual Claude",Triage rationale (traceable): company=claude; request_type=product_issue; product_area=general_support; similarity=0.5689; confidence=0.0099; status=escalated; source=C:\Users\Geetha Krishna\hackerrank-orchestrate-may26\data\claude\claude\account-management\9450526-how-can-i-export-my-claude-data.md,product_issue
replied,general_support,"Based on the support documentation, here is the most relevant guidance: --- title: ""Test Case Input Format"" title_slug: ""test-case-input-format"" source_url: ""https://support.hackerrank.com/articles/2461683826-test-case-input-format"" article_slug: ""2461683826-test-case-input-format"" last_updated_exact: ""Mar 11, 2026, 3:36 PM"" last_updated_relative: ""Last updated 2 months ago"" breadcrumbs: - ""Library"" - ""Additional Resources"" - ""Programming Questions"" --- # Test Case Input Format _Last upd (source: C:\Users\Geetha Krishna\hackerrank-orchestrate-may26\data\hackerrank\library\additional-resources\programming-questions\2461683826-test-case-input-format.md)",Triage rationale (traceable): company=hackerrank; request_type=product_issue; product_area=general_support; similarity=0.4215; confidence=0.0263; status=replied; source=C:\Users\Geetha Krishna\hackerrank-orchestrate-may26\data\hackerrank\library\additional-resources\programming-questions\2461683826-test-case-input-format.md,product_issue
escalated,general_support,"I found related documentation but this case should be handled by a human support agent for safety. Closest source: C:\Users\Geetha Krishna\hackerrank-orchestrate-may26\data\visa\support\small-business\travelers-cheques.md. Grounded excerpt: --- title: ""How to accept Visa Traveller's Cheques"" source_url: ""https://www.visa.co.in/support/small-business/travelers-cheques.html"" final_url: ""https://www.visa.co.in/support/small-business/travelers-cheques.html"" last_modified: ""2023-09-11T07:02:52.442Z"" description: ""Accepting traveller's cheques will offer new opportunities for your business to attract a wider array of clientele. Learn about the benefits and ho",Triage rationale (traceable): company=visa; request_type=product_issue; product_area=general_support; similarity=0.0905; confidence=0.0013; status=escalated; source=C:\Users\Geetha Krishna\hackerrank-orchestrate-may26\data\visa\support\small-business\travelers-cheques.md,product_issue
escalated,general_support,"I found related documentation but this case should be handled by a human support agent for safety. Closest source: C:\Users\Geetha Krishna\hackerrank-orchestrate-may26\data\claude\amazon-bedrock\7996920-how-do-i-get-access-to-claude-in-amazon-bedrock.md. Grounded excerpt: --- title: ""How do I get access to Claude in Amazon Bedrock?"" title_slug: ""how-do-i-get-access-to-claude-in-amazon-bedrock"" source_url: ""https://support.claude.com/en/articles/7996920-how-do-i-get-access-to-claude-in-amazon-bedrock"" last_updated_iso: ""2026-03-16T21:16:50Z"" article_id: ""7929295"" breadcrumbs: - ""Amazon Bedrock"" --- # How do I get access to Claude in Amazon Bedrock? _Last updated: 2026-03-16T21:16:50Z_ ",Triage rationale (traceable): company=claude; request_type=product_issue; product_area=general_support; similarity=0.4126; confidence=0.0116; status=escalated; source=C:\Users\Geetha Krishna\hackerrank-orchestrate-may26\data\claude\amazon-bedrock\7996920-how-do-i-get-access-to-claude-in-amazon-bedrock.md,product_issue
replied,general_support,"Based on the support documentation, here is the most relevant guidance: --- title: ""Merge Multiple HackerRank Accounts"" title_slug: ""merge-multiple-hackerrank-accounts"" source_url: ""https://help.hackerrank.com/articles/5981889181-merge-multiple-hackerrank-accounts"" article_slug: ""5981889181-merge-multiple-hackerrank-accounts"" last_updated_exact: ""Mar 24, 2025, 3:12 PM"" last_updated_relative: ""Last updated 1 year ago"" breadcrumbs: - ""Account Settings"" - ""Manage Account"" --- # Merge Multip (source: C:\Users\Geetha Krishna\hackerrank-orchestrate-may26\data\hackerrank\hackerrank_community\account-settings\manage-account\5981889181-merge-multiple-hackerrank-accounts.md)",Triage rationale (traceable): company=hackerrank; request_type=product_issue; product_area=general_support; similarity=0.3961; confidence=0.0322; status=replied; source=C:\Users\Geetha Krishna\hackerrank-orchestrate-may26\data\hackerrank\hackerrank_community\account-settings\manage-account\5981889181-merge-multiple-hackerrank-accounts.md,product_issue
escalated,general_support,"I found related documentation but this case should be handled by a human support agent for safety. Closest source: C:\Users\Geetha Krishna\hackerrank-orchestrate-may26\data\claude\pro-and-max-plans\general\12386328-requesting-a-refund-for-a-paid-claude-plan.md. Grounded excerpt: --- title: ""Requesting a refund for a paid Claude plan"" title_slug: ""requesting-a-refund-for-a-paid-claude-plan"" source_url: ""https://support.claude.com/en/articles/12386328-requesting-a-refund-for-a-paid-claude-plan"" last_updated_iso: ""2026-03-16T21:02:23Z"" article_id: ""13784121"" breadcrumbs: - ""Pro and Max plans"" - ""General"" --- # Requesting a refund for a paid Claude plan _Last updated: 2026-03-16T21:02:23Z_ > **I",Triage rationale (traceable): company=claude; request_type=product_issue; product_area=general_support; similarity=0.4958; confidence=0.0129; status=escalated; source=C:\Users\Geetha Krishna\hackerrank-orchestrate-may26\data\claude\pro-and-max-plans\general\12386328-requesting-a-refund-for-a-paid-claude-plan.md,product_issue
replied,general_support,"Based on the support documentation, here is the most relevant guidance: --- title: ""Visa Credit Card Rules & Regulations"" source_url: ""https://www.visa.co.in/support/consumer/visa-rules.html"" final_url: ""https://www.visa.co.in/support/consumer/visa-rules.html"" last_modified: ""2023-10-04T01:48:44.301Z"" description: ""Visa Rules - Learn more about Visa credit card rules, regulations and policies as a consumer or merchant. Filing inquiries and FAQs - find them here."" --- # Visa Credit Card R (source: C:\Users\Geetha Krishna\hackerrank-orchestrate-may26\data\visa\support\consumer\visa-rules.md)",Triage rationale (traceable): company=visa; request_type=product_issue; product_area=general_support; similarity=0.4344; confidence=0.0357; status=replied; source=C:\Users\Geetha Krishna\hackerrank-orchestrate-may26\data\visa\support\consumer\visa-rules.md,product_issue
